Resize Kernel: bilinear
Native resolution(s) (best guess): 612p, 815p
Please check the graph manually for more accurate results

Raw data:
Resolution	 | Relative Error	 | Relative difference from last
 600		 | 0.001196			 | 0.00
 601		 | 0.001201			 | 1.00
 602		 | 0.001191			 | 1.01
 603		 | 0.001187			 | 1.00
 604		 | 0.001181			 | 1.00
 605		 | 0.001174			 | 1.01
 606		 | 0.001144			 | 1.03
 607		 | 0.001147			 | 1.00
 608		 | 0.001144			 | 1.00
 609		 | 0.001156			 | 0.99
 610		 | 0.001141			 | 1.01
 611		 | 0.001200			 | 0.95
 612		 | 0.000747			 | 1.61
 613		 | 0.001160			 | 0.64
 614		 | 0.001099			 | 1.06
 615		 | 0.001102			 | 1.00
 616		 | 0.001104			 | 1.00
 617		 | 0.001082			 | 1.02
 618		 | 0.001082			 | 1.00
 619		 | 0.001094			 | 0.99
 620		 | 0.001082			 | 1.01
 621		 | 0.001066			 | 1.01
 622		 | 0.001062			 | 1.00
 623		 | 0.001052			 | 1.01
 624		 | 0.001032			 | 1.02
 625		 | 0.001025			 | 1.01
 626		 | 0.001021			 | 1.00
 627		 | 0.001014			 | 1.01
 628		 | 0.001016			 | 1.00
 629		 | 0.001020			 | 1.00
 630		 | 0.001013			 | 1.01
 631		 | 0.001012			 | 1.00
 632		 | 0.001002			 | 1.01
 633		 | 0.000993			 | 1.01
 634		 | 0.000985			 | 1.01
 635		 | 0.000969			 | 1.02
 636		 | 0.000967			 | 1.00
 637		 | 0.000967			 | 1.00
 638		 | 0.000963			 | 1.00
 639		 | 0.000961			 | 1.00
 640		 | 0.000952			 | 1.01
 641		 | 0.000943			 | 1.01
 642		 | 0.000945			 | 1.00
 643		 | 0.000934			 | 1.01
 644		 | 0.000932			 | 1.00
 645		 | 0.000924			 | 1.01
 646		 | 0.000902			 | 1.02
 647		 | 0.000902			 | 1.00
 648		 | 0.000910			 | 0.99
 649		 | 0.000907			 | 1.00
 650		 | 0.000912			 | 0.99
 651		 | 0.000882			 | 1.03
 652		 | 0.000889			 | 0.99
 653		 | 0.000870			 | 1.02
 654		 | 0.000877			 | 0.99
 655		 | 0.000878			 | 1.00
 656		 | 0.000860			 | 1.02
 657		 | 0.000859			 | 1.00
 658		 | 0.000848			 | 1.01
 659		 | 0.000842			 | 1.01
 660		 | 0.000836			 | 1.01
 661		 | 0.000844			 | 0.99
 662		 | 0.000839			 | 1.01
 663		 | 0.000833			 | 1.01
 664		 | 0.000821			 | 1.01
 665		 | 0.000823			 | 1.00
 666		 | 0.000821			 | 1.00
 667		 | 0.000800			 | 1.03
 668		 | 0.000802			 | 1.00
 669		 | 0.000804			 | 1.00
 670		 | 0.000787			 | 1.02
 671		 | 0.000787			 | 1.00
 672		 | 0.000783			 | 1.01
 673		 | 0.000778			 | 1.01
 674		 | 0.000781			 | 1.00
 675		 | 0.000773			 | 1.01
 676		 | 0.000766			 | 1.01
 677		 | 0.000760			 | 1.01
 678		 | 0.000755			 | 1.01
 679		 | 0.000746			 | 1.01
 680		 | 0.000760			 | 0.98
 681		 | 0.000746			 | 1.02
 682		 | 0.000736			 | 1.01
 683		 | 0.000727			 | 1.01
 684		 | 0.000716			 | 1.02
 685		 | 0.000728			 | 0.98
 686		 | 0.000725			 | 1.00
 687		 | 0.000738			 | 0.98
 688		 | 0.000728			 | 1.01
 689		 | 0.000689			 | 1.06
 690		 | 0.000678			 | 1.02
 691		 | 0.000679			 | 1.00
 692		 | 0.000680			 | 1.00
 693		 | 0.000713			 | 0.95
 694		 | 0.000699			 | 1.02
 695		 | 0.000689			 | 1.01
 696		 | 0.000680			 | 1.01
 697		 | 0.000660			 | 1.03
 698		 | 0.000662			 | 1.00
 699		 | 0.000672			 | 0.98
 700		 | 0.000667			 | 1.01
 701		 | 0.000657			 | 1.02
 702		 | 0.000626			 | 1.05
 703		 | 0.000631			 | 0.99
 704		 | 0.000643			 | 0.98
 705		 | 0.000643			 | 1.00
 706		 | 0.000644			 | 1.00
 707		 | 0.000633			 | 1.02
 708		 | 0.000613			 | 1.03
 709		 | 0.000617			 | 0.99
 710		 | 0.000622			 | 0.99
 711		 | 0.000621			 | 1.00
 712		 | 0.000616			 | 1.01
 713		 | 0.000601			 | 1.02
 714		 | 0.000576			 | 1.04
 715		 | 0.000579			 | 1.00
 716		 | 0.000585			 | 0.99
 717		 | 0.000590			 | 0.99
 718		 | 0.000596			 | 0.99
 719		 | 0.000585			 | 1.02
 720		 | 0.000581			 | 1.01
 721		 | 0.000569			 | 1.02
 722		 | 0.000561			 | 1.01
 723		 | 0.000563			 | 1.00
 724		 | 0.000550			 | 1.02
 725		 | 0.000546			 | 1.01
 726		 | 0.000535			 | 1.02
 727		 | 0.000550			 | 0.97
 728		 | 0.000560			 | 0.98
 729		 | 0.000552			 | 1.02
 730		 | 0.000541			 | 1.02
 731		 | 0.000527			 | 1.03
 732		 | 0.000512			 | 1.03
 733		 | 0.000512			 | 1.00
 734		 | 0.000517			 | 0.99
 735		 | 0.000505			 | 1.02
 736		 | 0.000513			 | 0.99
 737		 | 0.000522			 | 0.98
 738		 | 0.000507			 | 1.03
 739		 | 0.000513			 | 0.99
 740		 | 0.000495			 | 1.04
 741		 | 0.000496			 | 1.00
 742		 | 0.000481			 | 1.03
 743		 | 0.000468			 | 1.03
 744		 | 0.000479			 | 0.98
 745		 | 0.000477			 | 1.00
 746		 | 0.000467			 | 1.02
 747		 | 0.000458			 | 1.02
 748		 | 0.000469			 | 0.98
 749		 | 0.000478			 | 0.98
 750		 | 0.000481			 | 0.99
 751		 | 0.000475			 | 1.01
 752		 | 0.000454			 | 1.05
 753		 | 0.000439			 | 1.04
 754		 | 0.000432			 | 1.02
 755		 | 0.000429			 | 1.01
 756		 | 0.000434			 | 0.99
 757		 | 0.000443			 | 0.98
 758		 | 0.000454			 | 0.98
 759		 | 0.000421			 | 1.08
 760		 | 0.000422			 | 1.00
 761		 | 0.000438			 | 0.96
 762		 | 0.000437			 | 1.00
 763		 | 0.000438			 | 1.00
 764		 | 0.000386			 | 1.13
 765		 | 0.000380			 | 1.02
 766		 | 0.000393			 | 0.97
 767		 | 0.000398			 | 0.99
 768		 | 0.000420			 | 0.95
 769		 | 0.000416			 | 1.01
 770		 | 0.000420			 | 0.99
 771		 | 0.000410			 | 1.03
 772		 | 0.000386			 | 1.06
 773		 | 0.000370			 | 1.04
 774		 | 0.000373			 | 0.99
 775		 | 0.000368			 | 1.01
 776		 | 0.000380			 | 0.97
 777		 | 0.000395			 | 0.96
 778		 | 0.000376			 | 1.05
 779		 | 0.000370			 | 1.02
 780		 | 0.000376			 | 0.98
 781		 | 0.000357			 | 1.05
 782		 | 0.000367			 | 0.97
 783		 | 0.000368			 | 1.00
 784		 | 0.000363			 | 1.01
 785		 | 0.000350			 | 1.04
 786		 | 0.000332			 | 1.05
 787		 | 0.000340			 | 0.98
 788		 | 0.000349			 | 0.98
 789		 | 0.000357			 | 0.98
 790		 | 0.000354			 | 1.01
 791		 | 0.000343			 | 1.03
 792		 | 0.000334			 | 1.03
 793		 | 0.000350			 | 0.96
 794		 | 0.000342			 | 1.02
 795		 | 0.000321			 | 1.07
 796		 | 0.000313			 | 1.03
 797		 | 0.000316			 | 0.99
 798		 | 0.000319			 | 0.99
 799		 | 0.000312			 | 1.02
 800		 | 0.000331			 | 0.94
 801		 | 0.000349			 | 0.95
 802		 | 0.000334			 | 1.04
 803		 | 0.000307			 | 1.09
 804		 | 0.000302			 | 1.02
 805		 | 0.000295			 | 1.02
 806		 | 0.000305			 | 0.97
 807		 | 0.000285			 | 1.07
 808		 | 0.000281			 | 1.01
 809		 | 0.000273			 | 1.03
 810		 | 0.000307			 | 0.89
 811		 | 0.000332			 | 0.92
 812		 | 0.000357			 | 0.93
 813		 | 0.000361			 | 0.99
 814		 | 0.000327			 | 1.10
 815		 | 0.000218			 | 1.51
 816		 | 0.000000			 | 0.00
 817		 | 0.000214			 | 0.00
 818		 | 0.000308			 | 0.69
 819		 | 0.000344			 | 0.90
 820		 | 0.000352			 | 0.98
 821		 | 0.000311			 | 1.13
 822		 | 0.000281			 | 1.11
 823		 | 0.000249			 | 1.13
 824		 | 0.000243			 | 1.02
 825		 | 0.000264			 | 0.92
 826		 | 0.000269			 | 0.98
 827		 | 0.000258			 | 1.04
 828		 | 0.000255			 | 1.01
 829		 | 0.000264			 | 0.96
 830		 | 0.000266			 | 0.99
 831		 | 0.000269			 | 0.99
 832		 | 0.000266			 | 1.01
 833		 | 0.000254			 | 1.05
 834		 | 0.000256			 | 0.99
 835		 | 0.000249			 | 1.03
 836		 | 0.000249			 | 1.00
 837		 | 0.000243			 | 1.02
 838		 | 0.000252			 | 0.96
 839		 | 0.000257			 | 0.98
 840		 | 0.000246			 | 1.05
 841		 | 0.000245			 | 1.00
 842		 | 0.000251			 | 0.98
 843		 | 0.000247			 | 1.02
 844		 | 0.000241			 | 1.03
 845		 | 0.000236			 | 1.02
 846		 | 0.000235			 | 1.00
 847		 | 0.000232			 | 1.02
 848		 | 0.000236			 | 0.98
 849		 | 0.000234			 | 1.00
 850		 | 0.000236			 | 0.99
 851		 | 0.000229			 | 1.03
 852		 | 0.000230			 | 1.00
 853		 | 0.000236			 | 0.97
 854		 | 0.000227			 | 1.04
 855		 | 0.000238			 | 0.96
 856		 | 0.000229			 | 1.04
 857		 | 0.000224			 | 1.02
 858		 | 0.000223			 | 1.00
 859		 | 0.000214			 | 1.04
 860		 | 0.000218			 | 0.98
 861		 | 0.000225			 | 0.97
 862		 | 0.000232			 | 0.97
 863		 | 0.000230			 | 1.01
 864		 | 0.000222			 | 1.04
 865		 | 0.000221			 | 1.01
 866		 | 0.000211			 | 1.04
 867		 | 0.000208			 | 1.01
 868		 | 0.000209			 | 1.00
 869		 | 0.000214			 | 0.98
 870		 | 0.000216			 | 0.99
 871		 | 0.000215			 | 1.00
 872		 | 0.000213			 | 1.01
 873		 | 0.000210			 | 1.01
 874		 | 0.000218			 | 0.96
 875		 | 0.000218			 | 1.00
 876		 | 0.000209			 | 1.04
 877		 | 0.000200			 | 1.04
 878		 | 0.000203			 | 0.99
 879		 | 0.000203			 | 1.00
 880		 | 0.000203			 | 1.00
 881		 | 0.000209			 | 0.97
 882		 | 0.000211			 | 0.99
 883		 | 0.000209			 | 1.01
 884		 | 0.000202			 | 1.04
 885		 | 0.000200			 | 1.01
 886		 | 0.000205			 | 0.97
 887		 | 0.000203			 | 1.01
 888		 | 0.000201			 | 1.01
 889		 | 0.000198			 | 1.01
 890		 | 0.000198			 | 1.00
 891		 | 0.000197			 | 1.00
 892		 | 0.000197			 | 1.00
 893		 | 0.000203			 | 0.97
 894		 | 0.000200			 | 1.01
 895		 | 0.000202			 | 0.99
 896		 | 0.000198			 | 1.02
 897		 | 0.000194			 | 1.02
 898		 | 0.000194			 | 1.00
 899		 | 0.000193			 | 1.00
 900		 | 0.000193			 | 1.00
 901		 | 0.000194			 | 1.00
 902		 | 0.000199			 | 0.97
 903		 | 0.000200			 | 1.00
 904		 | 0.000196			 | 1.02
 905		 | 0.000191			 | 1.03
 906		 | 0.000186			 | 1.03
 907		 | 0.000190			 | 0.98
 908		 | 0.000195			 | 0.97
 909		 | 0.000197			 | 0.99
 910		 | 0.000194			 | 1.02
 911		 | 0.000189			 | 1.03
 912		 | 0.000187			 | 1.01
 913		 | 0.000186			 | 1.00
 914		 | 0.000194			 | 0.96
 915		 | 0.000194			 | 1.00
 916		 | 0.000193			 | 1.01
 917		 | 0.000188			 | 1.03
 918		 | 0.000187			 | 1.01
 919		 | 0.000187			 | 1.00
 920		 | 0.000188			 | 1.00
 921		 | 0.000189			 | 0.99
 922		 | 0.000189			 | 1.00
 923		 | 0.000186			 | 1.01
 924		 | 0.000187			 | 0.99
 925		 | 0.000186			 | 1.01
 926		 | 0.000188			 | 0.99
 927		 | 0.000190			 | 0.99
 928		 | 0.000190			 | 1.00
 929		 | 0.000185			 | 1.02
 930		 | 0.000182			 | 1.02
 931		 | 0.000186			 | 0.98
 932		 | 0.000189			 | 0.99
 933		 | 0.000187			 | 1.01
 934		 | 0.000183			 | 1.02
 935		 | 0.000182			 | 1.00
 936		 | 0.000183			 | 1.00
 937		 | 0.000184			 | 0.99
 938		 | 0.000186			 | 0.99
 939		 | 0.000186			 | 1.00
 940		 | 0.000187			 | 0.99
 941		 | 0.000186			 | 1.01
 942		 | 0.000182			 | 1.03
 943		 | 0.000181			 | 1.00
 944		 | 0.000181			 | 1.00
 945		 | 0.000181			 | 1.00
 946		 | 0.000181			 | 1.00
 947		 | 0.000182			 | 0.99
 948		 | 0.000184			 | 0.99
 949		 | 0.000186			 | 0.99
 950		 | 0.000187			 | 0.99
 951		 | 0.000187			 | 1.00
 952		 | 0.000184			 | 1.02
 953		 | 0.000177			 | 1.04
 954		 | 0.000176			 | 1.01
 955		 | 0.000181			 | 0.97
 956		 | 0.000182			 | 1.00
 957		 | 0.000179			 | 1.01
 958		 | 0.000181			 | 0.99
 959		 | 0.000187			 | 0.97
 960		 | 0.000184			 | 1.02
 961		 | 0.000179			 | 1.03
 962		 | 0.000181			 | 0.99
 963		 | 0.000181			 | 1.00
 964		 | 0.000179			 | 1.01
 965		 | 0.000175			 | 1.02
 966		 | 0.000177			 | 0.99
 967		 | 0.000181			 | 0.98
 968		 | 0.000182			 | 0.99
 969		 | 0.000187			 | 0.98
 970		 | 0.000185			 | 1.01
 971		 | 0.000180			 | 1.03
 972		 | 0.000176			 | 1.02
 973		 | 0.000176			 | 1.00
 974		 | 0.000174			 | 1.01
 975		 | 0.000178			 | 0.98
 976		 | 0.000181			 | 0.99
 977		 | 0.000184			 | 0.98
 978		 | 0.000182			 | 1.01
 979		 | 0.000179			 | 1.02
 980		 | 0.000178			 | 1.01
 981		 | 0.000176			 | 1.01
 982		 | 0.000177			 | 0.99
 983		 | 0.000180			 | 0.99
 984		 | 0.000181			 | 0.99
 985		 | 0.000177			 | 1.02
 986		 | 0.000176			 | 1.01
 987		 | 0.000177			 | 0.99
 988		 | 0.000176			 | 1.01
 989		 | 0.000176			 | 1.00
 990		 | 0.000178			 | 0.99
 991		 | 0.000180			 | 0.99
 992		 | 0.000182			 | 0.99
 993		 | 0.000179			 | 1.02
 994		 | 0.000177			 | 1.01
 995		 | 0.000172			 | 1.03
 996		 | 0.000172			 | 1.00
 997		 | 0.000173			 | 0.99
 998		 | 0.000175			 | 0.99
 999		 | 0.000179			 | 0.98
1000		 | 0.000182			 | 0.99

Processing Time: 13.448283195495605